num
46249042040379579567650630851877
95732106045915672827642594254952
83860273527968952450294019042375
73839773573283109049945798273420
31060195219089742738073201915945
19419724735239286746278240190519
00798789170103412437523182700231
04168018162735391321408190489615
75415948297537582672461901901945
78728362469101980915464276491059
32735837959789757914601010429925
79797952010101033301014997864240
05910594579768279752611091094627
16497979895723130160516246785790
41429597657837321094150190549175
10594576549797965875373857909104