4 6 2 9 0 3 7 5 8 1

4 503 : 6 8 9 8 2 10 0 5 5 7 1 6 7 1 3 1 8 2 lb 1 
6 455 : 2 6 7 5 5 4 3 1 0 5 4 5 8 3 1 3 9 1 
2 423 : 4 9 0 4 1 4 8 4 7 12 5 3 lb 1 9 4 3 5 6 2 
9 376 : 0 11 5 10 1 12 4 11 6 3 7 16 9 3 8 4 2 2 lb 2 
0 303 : 4 9 3 3 6 3 8 3 2 3 1 18 9 6 lb 3 7 2 5 7 0 2 
3 245 : 7 7 0 3 2 6 8 4 5 5 9 3 1 5 4 2 6 1 3 2 
7 208 : 9 18 6 6 7 2 lb 2 3 13 2 5 5 9 4 2 8 7 0 2 
5 143 : 7 11 6 2 0 3 1 3 9 10 4 5 2 8 lb 6 3 3 8 3 
8 90 : 5 3 7 4 2 7 3 6 6 3 9 6 0 3 1 2 
1 57 : 8 3 0 18 5 6 9 14 7 2 2 1 lb 1 6 5 3 2 4 4 1 1 